4 9 100 80
3 13 100 80
5 10 100 80
8 9 100 80
0 5 100 80
11 14 100 80
0 14 100 80
2 11 100 80
6 11 100 80
7 10 100 80
3 6 100 80
5 12 100 80
8 11 100 80
9 10 100 80
0 7 100 80
2 4 100 80
1 8 100 80
6 13 100 80
7 12 100 80
3 8 100 80
5 14 100 80
9 12 100 80
0 9 100 80
1 10 100 80
7 14 100 80
12 13 100 80
3 10 100 80
5 7 100 80
0 2 100 80
9 14 100 80
1 3 100 80
13 14 100 80
1 12 100 80
3 12 100 80
5 9 100 80
4 11 100 80
1 5 100 80
1 14 100 80
2 13 100 80
7 9 100 80
3 5 100 80
3 14 100 80
5 11 100 80
4 13 100 80
8 13 100 80
1 7 100 80
2 6 100 80
7 11 100 80
3 7 100 80
4 6 100 80
5 13 100 80
10 12 100 80
1 9 100 80
0 11 100 80
2 8 100 80
6 8 100 80
3 9 100 80
5 6 100 80
4 8 100 80
1 2 100 80
0 4 100 80
10 14 100 80
1 11 100 80
0 13 100 80
11 13 100 80
2 10 100 80
6 10 100 80
12 14 100 80
3 11 100 80
4 10 100 80
8 10 100 80
1 4 100 80
0 6 100 80
2 3 100 80
1 13 100 80
2 12 100 80
3 4 100 80
4 12 100 80
8 12 100 80
9 11 100 80
0 8 100 80
1 6 100 80
2 5 100 80
2 14 100 80
6 14 100 80
7 13 100 80
4 5 100 80
4 14 100 80
0 1 100 80
8 14 100 80
10 11 100 80
9 13 100 80
0 10 100 80
2 7 100 80
6 7 100 80
4 7 100 80
5 8 100 80
0 3 100 80
10 13 100 80
0 12 100 80
2 9 100 80
11 12 100 80
6 9 100 80
7 8 100 80
